$ANSIBLE_VAULT;1.1;AES256
33306136343039616537656565663063393039623834346363323039313163653031386533373161
3031356234373164653838396335356437656662313938310a646338613230623530303438363635
64613665313361383435366437633334636439326130646334373136663964643436393733313464
3661636665333836370a623137646664326364333362363433306333333463323137313763643964
38616531613238386135626335646139336561363232636434656432336130316439366633643165
33333363363061303463396437323330386339613031336134343763396662616136306462666234
61316133343166613035623236343434646263333035333933306331663963633337323364376165
61613531643235353639623237373230613237646536396534396130623839323561356237336362
66626631373966333366353137376362613934633033366230616565333734623831613262643861
61316135336230656263306433616339663139613836383035303439373761333533626531626437
65356466313763633338633361316263313532656433656435336665343933353366623466393635
64303437653864393663346363373935626630373534643761613365643236613230393537393335
64306230636137313631646239653937336539353634356661383638373863623833336366653535
35663461323264336234643364633731363837303462316232613062303862643432636462303837
66323161373236343931353135643662323463633932643564323538653566326132303137653632
66323062613330353234323863386166303337363331396161626461623338643032333761633032
31393736373461353665386661353161646230333062356633363130336134623564343730653536
38316338353038306430333631366165383739396338636563386461343331646666366661326336
37383232353866376232313562353939303564633164663761643833393739656465616365363538
31393636373162653762636430633239626664303533613131396432363037623533343837333438
66313731333261316234306538386635366265646362366538313338386234373563373663333332
37613737313332343861646334643738366362666535363365656234373664383737306631663064
63376430633963663837326134373033333263613634363530643366366666666164313631656638
62316239646261666136313861343834323935366435383962386264306535333933633233316533
64376463666463343566626637383464336134316463616363326539633632633535653938396337
31613736373233653838623338393838613737363765613739643737666362336561313764633431
66303435383531616233666138636339313230323637393536663663303635343533343965313464
32613337636637343932383539363563643736643733656163653638326662356236663164313332
39306631663439383763356331346464663039346537623838386630656134373637356130386435
37313065626562653461636161363236356561373239366261643466333935613638343263643236
30393031303739366264636234666361663136653631623335613761373433306533303430633666
62613535613162346662356665353531613961633639613537316630333865613762396539343031
64643334613934386165326338663330353732356535643936323932333933636431656636313064
61373066353665396464356137623432613637336461373639353134663638363935396336336364
37356364626562616238663532383034646265343936303562393533396635383235623136363964
65393633336337643765353133353732623835393738613931613261653532363933353265333539
34323462396538326331366263343162333939346563653265396566346461306364386566626135
64633736613935303536363063333832646332663031353565326564393836333637393339663131
31346236353961393335613162336438313438656131336662363431626166323934333631303038
39316535376237643663643865313136306431656566366233313834623733396532623262343537
64613937656535343932633838393966383934643965653462373434353632623661383436303662
38666133616132393938323861643230636261326362333636353935613737343065373830666133
66653864396262343733396363643266653565356239643033306165326434346635313731616233
62633865326135343734386231623262653230333335333461323132663563353663663832623263
63653263303266303963343434373163643933373938333130336364616536353266386465636164
31323538633035336137633633653662333733363831336466346630346261363739616539643237
35663636633361366466346431653232363635613338343762633163616132386565653733323431
38666565636565666438353962613062653730613139353164626336306563323033626538393831
38346431333836656262343938343833613436653433623933663131306663316537616532396562
62346265356532643232636661306139663764333937633533303839653563393164653133326139
61333231663138366132393364316166633931363366666136363135333337666335303538323634
65386266313662643034396166636637643133303838373936396261303334643832343937663739
38643133303261326132636561363162303563376462313165666465353266356230336565633833
64383538366339663934313830653064616661343562373935393238323566313434346461646535
63313033346134383263346437633332376265613737646633393363613630393430343165626138
38393231363539306636336565343131363132333661646137343439336466393466656138613931
36363539306434376235333235363939356634353232303566393135363232366234653734323065
65353532616333363331633035616531306136326439613032643063393362343832353733643665
31396538663236653435306636346636303535653534626437363839623936613432663239326363
31373337643133393331383938613436333035383337623163343832386137363531303936393939
61653364383363623763396637326663326334346364616539303830326235323230663662376532
39626439666165346634336264346261613232633534613761623265656533356433333866666266
31636531373461313465353139363464646331623230346633316664663461613866343266633237
65303235613236333934646263323334346562363465343535303230363664316635343561653931
65316665663933643539393661383935386637653861306338326534353931613133643134353439
66613263323039376233356665623965326634646331663634363163383139363839386161376236
35663133633066616431373536323132303861623630663762323536663433623238306435633565
64333966653662303937313231343637366264323138343565613831333136383065313034393039
63363265616630373462316334333432616536353437356633336237663536643965306438613161
62376433363236626632613062623435336430653434666639363065323964613931623330383933
65613039636638306139346533613233616562336631616233393861313431663032643238363933
37646138623333653835383235393233383534376537626561623465393430386362383566376438
39623165313531626533656463333565633364383265653632393633383933616564383836346339
32303337386431666238323764366537643430313538336236306334653330626265343736616434
38333430333365626531366338363936396437363161366436313535633062303735636265653238
61313230643764633131306137653435633230336631323265383463633734353933373264333964
63613037353061363537343631663831326235326131306465343463636166363965353833653566
30366534316135363466643362353464396134396636376361376366393539383039646363383330
39343166613637653437326265643165303065353262653665323266666164393132316461363234
37323466343262633931316635333734353532303937383565623661396138393437663231656133
63383064396537343366626661393132626566396332316636326133663339613636363034396636
33363564653362643336373632346133343035303662393563663437323232313761633036333438
36623264383534303261616230323538363765646438653634366663663366333037653466346331
61376364653063353965633638616465393766646137393733656434383762343231633838386535
38646239323431643735353731616432626265613139383663313331363430633738643366653263
65343332393136663764623134303830323336363966663737663637396365363261313630663632
32653737366630306635353865653661633937306537653638643766653830656330363131363331
65643661323663333931316366306330663165623261303731626563623336393038316536353636
33306332346639393437646133343163653332316461393562393530363039313736386639306431
61333866653866323931326663346539336264396463323037363565316634396231373135343564
62636664666439346438303838336633303336353766346163623731646166326565326133623336
35376231656337396632353162356634306433333537643633316236333231646132393037396637
36373566356565626261383062386432323362626432306135373663353961383131363264323131
35323531353937393466373766396434313565346538356437623939666563663834316233613065
35343833623330653130386566623132326537353939613033326662623233643066303161373666
35356663663762353037326561626233396631666337636466386466353735643134626433623164
35643564373061376637343831623366333932383863303536373761363134303833613631323630
30306339323638313462383163343931643465383439323437633030613866313434663134343633
30663235623930646330373433613363346265663266653337623163646337373133643566613530
36393363613839313835383336653435303834663335303738306631323031663731376665643235
37373339353262383738363862353834666462663562376662346132353938386461393230666532
62663566613633613262646166366666373139616439333461353464633136623264333763383162
34336530623166393461613735653064333036303330383332376135633861393433666163666332
35636530633166613763623265633634333666326132303438306232313637653231376131366564
33386434346538633361376234316639336630393034326564393462373636643165616134643736
31643332303736626333333664613531636232363632393334393338616264396530313962303438
65636531363439306337386439336630663232346264346530356264613331613238306162343963
30333961323932343866303133633063653962383463643662333139643731616232393836663634
34313937623961363435386633613866353935653038366430373661643431616433636361666330
35653431376339643539623362653262303830323134653466666532343537336363306565653734
36316364656637303235656438393830336661333434383832376636343636303337326162313163
38643061343630616532313365613330373339393534363533626233303135323666656435376564
65376135656265366163333663356531323165336165666536353065626163613231643038663838
32333439633736356330366566363430633462373662613035363233663666353566613265656235
62336366393033643861363864353462363932303533613738653736353661373039333162333732
31333137333637353264626666663337646536343462666330626366383730626362383361373535
62646464666261663838356665633131393566363031666530383635613562633632393238373933
36353837306638633661666337643531613734316363333465626163396232613663356430373561
62393061626537306531656335333339323135373831393631316131363738666165613664393637
64626433626539346664303566343965623031393431376363373631613937323466666439613734
66326265343832386265323032613832666563356436383666633936646630306330663862376434
34646266303838353431373939383638616130366664313466366632336636653330656437393637
33363434356465623834393834646639653462323335396636333465386230656265633064336130
36346535336437383364326131613366623264363436613839613565303161613736393330646635
3764
