$ANSIBLE_VAULT;1.1;AES256
38363764356131356430643764373339323866306633353433386664323337373830366439383664
6366343239636430323538643162393830653132366262620a396535363361663663393736323131
32363530633438393763663265643434346239313134656461626364353633643532616466386531
3336306234386238370a636465366432373630346439613339326333303038383631396631313062
33373839326333323561383037346638343431356465333231393838383532343231333136313761
37313134353531376663353832323537623230643031323434303966646330356562353962663334
30663734656466666265356635323663653766366334653634343766653765373832626431613435
35623664343936643263393132356239373339643233386564353332336333643631396233306361
39363630303438373930633165323565303631656665326437373633623764376436353932656265
35383262633835376339653639366665336164303464353938333536656534616663313038393565
36626532333531356535653762646336336139306364376264633036623531383038376266393135
65326335653439383039616333616362653261363637303363303038383233353139636663346335
63323335366635323430383133356539653231653332633634376539333538326334376662656265
31643464313139343336333862376636323737323465663833343933393964663838303235393730
64633939323735383934663862646137616236663866633839393466616462396335323662336161
37613937323861373039396639373830353436353230393963663833373237306435626134616233
62393761356334303039303530383837633431303937363163356632653163653432616432636532
36373331623938636237343064393639626136633430356437313165666338323437623534646462
64383237323762643530646263646437666666653461656462636635646164633430343438356630
34373432623535373532646632323463336432633133383937623964323235363863633661653064
65366566323133346264396636623734306263343734386237316137363662643364663263336466
62323261663062653433643463636265396536376633653865656132663833633735643163623139
62616137636336666433363561323038633139373039353234363931623565633965373761373137
38333662623931393234663234393932383337303731303431666662663966363561343635643365
63336337336137353563323364646362616666633739373938373136353064626431646366323738
37393632373736653338353232626466303365636661393066323532386462623737636263623262
63333565383064333334623637306436333863616136366532303430633436386439373562343864
38653631633862666139643732393463643235636332643838383861303162373337653831363039
34313362396634643731383931373166653935633232626531666364663832353266336337316463
35646239396562333835323762323066303533643964623565643937363335623339633164633134
65356334643136636439623133383331633533343438323638623030303539346537343261376537
66383739393566306237643563306536383136643235386330623761613262653535323065336533
33373063343866393136323931383966333732613061356665663636303830653433396666303565
35643737346536636664343364613034633836316562393765336337306161643932333531623732
30326632356439393635323364313561623766613134346534313538346530373539316130366539
39636435303866326465366233613533643532326362653934663734306331656438303634356430
65613463623236643535626663646136376131303864663538643937393534343238303235346165
36663033643439366166383139363638383339633563656639306664653439343839336331336138
66636335373935306536353462393135653335666638626161663034323365376661396131653930
64383863656361373861663635633834393935613935333631386630643132386535393964653863
39616537623765393631633830313433373062383961623839333733376265363663353832623233
62643561346439616266393934623835393539313062386166303161393362373461373364646631
65393632346366633861313538353761303734343333323361336135363335656265626463316431
66656531366664316539396637323462633365623463303139376639333034636164376365333362
32336565386130393562326537633334363837356365646436333662303561366633663463633462
32316436613664366230313331666563613837323466383662383161393862653832663239623632
37643636333633393535646638326137653762386431316465303230396563336636326535386364
33383238336434356438376233333064303032613462633833323637626634643964666266373661
63393135353664376561383862353938613139313534643430656262643862393433386363623338
35613130653165343263383832363462623134643730653964626135366161646439326334636461
61613536656366356333666565616134393265653036643139623234343538633232616336636430
30393663643331623962666162393030313937316163393939306336346339666435383532326533
66333538383532306337643764353963633861653630643431316436366436656634303666633438
33333562656433373336616635323032633666323333303332383335316534326439313236623863
36646433373862613831323666306134333039326661346238386366643139366534336239336638
64306465643231336433633432393961313563393766306133353765663733636532343966643636
33333430663266383463636236393937633065646438363333633865663230633637383931383733
65633938323564323363643032396639323437616637343537626634396264326433323563646630
35643766393539633765376336353833666162366637333135326335326165323939303062626630
32656466326137656238386637346262333834346435316231353661343535623332646631383339
31303731316466323537313237633032356431383361643833383739393337343937643162646631
31643939323461306363326239363038373131373837663838316363646336356466356166633861
33356565303063356434363761326632376338396639373431323434313337663938323164636262
66373331623437663931623734303862313237366334346131613866353363653761356536326330
62626637333332613434613938303733643861373963393734303565346365303662383036336363
33356332653765383461653736376236356562663366396165333138326165353565336466303462
64336565653332356436323264653461613161366461373161376130643639646466323864643830
35316135373033646330623438623239636566613563623861336362333730613736616131353732
31393962653161343036366233666164336236623734366461363566623735373063633762663861
31633139313562356534623233346233623336393832353231306638653330323732663735643736
35633365663732666364373534313232303363346163303262646233646361346562633738393832
37336430356630636131656165653336626362616432393231333531646231343634396332643835
31623833303436613135343834386165383234326364336165393232373336623237633164623061
61383266656532346337663931303432613236663033393863633064616163343662363238386635
38306130633864333738353466313838663332643565346237323630373262616231653739646638
38653664653331353930616333333330373966323964656365383732613337306536323665323366
31653632306337313861396339386530633237636431363064353234653765386434366264303332
64373261343939306231343233383839333265363535643166633466376231356632666633313731
36666639343736623135313633643264613638386336623134326363623261626363346135666166
34393061363534396331313837353964376436636335653534323936396138666361623332613263
65353836376235343734323563663663333065333763633731633033633831643832623562323830
34353166303034326339363434373561656465336162623764326339383539353966396431393739
36663931653630613339343665626235383339353963343532636439313365393637623032346266
33393962656137333862653434313838636634326434613639353531323539646133336566356565
32366439363437373637383332346331613339306264363833356336343738653536613430633333
64366430636338626136363164383164386437666632353666643138313034363566373639306237
36333663333837323564663331373162643230646334383734386238336362633464653337386536
62353461663462653235666461343163613963323831306566363434326563653937343164633339
38373465323534666335333936313266616632353938656532366535633161313834373334343133
63613265623466616366323265653834616430363531636638613765366236333266326466646161
64356666323763613436363962333737393964633564653039303064356636633134356333656438
32356161336561326662393664353162313634363765653434346232666234633631353664656634
30653163323661313962646361396437666539336266336461663366343033343764353365646333
35633733353666306636653636633135366462396266313563623233323530363966376134636365
35323133353038373138656336616433323637323562346238326462366333313461323138346230
65346266613362326339623731646636313430613466386235393237316166353064376532393865
61363065633133633430653066633336626238313231373066356337316462313765383961343766
65653565623539653064373834396366643434363731346333323838666266303734353365613837
32323933613164653466656661353333663436643534376132383336383335353936623035616663
66323262323536376630373461343132656263666233333664613431633032613435373061626236
36643139623834336566663061613766343666633132303030643837313138343439643739653466
63623065373034643431666564353435353862653633326461633163646334353432356437303663
66313736353466313735623639323230313464633837303639613831616362636666316162346536
33666237303265316433313134663161346233353134363332306566393865613232646534376263
63643038373035366665346662346336313530336463376639346265616634623837346462376465
36663963663365376161623962386661313238363130363862616232356164373934326135353961
36333766346464306332343832323365353864363934623533636335613032396362393031626265
33343536343561356539333432633131356161316562363030616364393639366236613463393665
35613935393036653737656365363831373062373565616239313866363231376661373862643864
36663934393932396638633533383564663862356666383334326139303432383862376261356230
37363939363066613430653232353333336566323536336537653238333839393639353036343132
32336631373065333735356562666330626563666565313962653565633162663039623932383637
66336335373862343739363561333566663934623166323864663762663534653263393335646237
39376362366436383034303361663033326632373562623634383630623231383564316432613064
66623138363832343133363432346265333634396136333339356237336564316332613736376339
62663333643037636638376632323833613064613663353663333535613731653163646635366466
66386533373534653262346136366531383532326361323537633161393235313133346630366466
35623433313965343137643530633832613762326234633735316338353931396435656235326662
61633437656462373464353439313134613139666330323964663837663664313038636161626635
62313361333062353063326532333336663333383132643732366166326432343538646538333334
66613637616437373661373737656232626334393832393537323363616231336336386331656135
63326430366539643632363436656462336237646166373038356531386635646431663539336134
61353363666438376631353339303663613834343436623139306334323534356234643936356139
61343138326639396635616536396165366135653362663562616539633738383562626135356432
61373835326131356564613861373935633463366133643861323436663666623033363539383461
62376232373262643839313739353335323730323339626433356534313030656535656235336531
61386531656633336362616161393235346539353033633663386262306338366166303166333939
34643436323235643532633264383961633635343432346163626163333238613139376635653031
38323433363037376335313434643936393161636133623237636230633932613534346661306562
38393632306537653835366134313535353061313934653030653233643531323135303437646132
64643833313063656232306662623237383564383639623361623539626131616661623561653637
31323734633834343132343431616362633932373433643834626234643266383366366665343037
61303864643831346266316532353466353838373164656166353336393536396264333330383331
33366236306466343033396535613830633565333161356532376238363664336439336534646264
31633662383232393630303466313230636438353562646566303339613136346238393730376537
65343965376464356539333364373339636339633337373339356636653635323831363761356431
36323461373032633135393863643664656466313161393964663661353530363737373764616566
33303034343638663065653766613866653634393933306166373862356534653136303631643865
37656162653431346261393834376334313766346665363732633936373432656333376638633535
66373132373734333935616636383339663161373561353430306538343766303931633236623561
64383731316235336365396563366466616361336431346438366336376638623266393239653237
36636437383038663231393839313539613637373061636665616635343139313037666531356361
36393063323737323939363734636365646530353636336634343137313631376164616530653431
64636265356566323533623434303630616335653732326332363638663663363464613435646466
30616431306363316435636665326164356134386636633764636431393365633135373131613564
66373133336632316539383665333435386566633432303563383332336230663566653063643832
31386231303837346564656366376163343261353439633434343237666462396430336131616666
61366437613037396463626133356666306361323063323337616666366539303563666535663537
37363136643334363639346164373161366430306135643030623933343966653134333039303661
61663966363036636262343331663236343739646231323866333133356539303430323534663135
65356536303238373366303663373435343665343136373830313161306333303736323766396536
31333134353965323762303564363736663138623336306366316236646238646539383338343935
33383733643564313664653262323438313137653838356236313434363261616133353266636266
61316465646633343631363135633966393137396334353134353839303465656564656566363139
64316132346532643236303332323138303536396135383335633436323739636539303666303061
36303066333161636432346437346164353939373231613532653065376261323831323463346334
66396435653366626138343430663765323064353263616662343935653237393734386335313636
31303766643531376664633833323836373966386564393563386238326637643661623964303531
36313338383866633633376462323362303566613733323832373831626335303466353062336236
61343066613063363538343235616437316563396334356561633965336361333638333735333039
63633932373838306639616565636165653538303339653538383462313634663530346566353633
63333835643030636466636666356263633833663862316436363932613531636330363739653664
36393565636231623263656264666632313030356562306331383765623436323238623030373731
38333136343534313431623135396431623138383061376335653633376364393332366332613631
35666236636332366636656434396463646234653431366137353632313661316662613365306331
61353538343766313763313732366337373466316636633836396134346532376263333963376363
32613234396661613630643130366432373363366634396263323835373663646334643036323036
64333133316161636431376230633939313635326530323139626530313039313338373634323236
32363330316130383865373532333235323565616631353463623065643262643062323566373934
64343332343937333833666437383131343564333732656530643336386632623232316161633231
30623631396231633663323062306437303232333036383062333562653930306534363332383137
31386535396632376463396431353534663439373530343631386632306335633339663961623830
36396433303639613261616462396632643739616335386663363362623462393031366663623235
30643461333432343834653934613039653033313633363930383866316434343166363463366138
34616666343338396433346331313965353962643538343139623231646531356433376338376166
36376164643232643263373039336235633636643664616635346334396534333266323266656139
39653338306261373230656530636339343732336638396639363630353964636361326366346632
30363239336266373062613234663466653964313937373337653238386464653261393636303532
65346266373733336335316166663066666535306436643039353831623238653239373336626265
65663966613466303836363931363434623163343736646466313133323233306361333139323661
66613734316539363533386535383538623634653333366363373131363939646330376236366164
62633638383130303333343838663366326436343236633738306331343366366239663565633231
63623438313133623836386639396632616638333364356332323834313739363236303262336237
30383633333332633531383734666132613335326161626633373666663265366630626565393233
35306531316662653538643737333939356238383732646562386338323233363161646139303834
30366137316232616537393036303036336231373033393734353461333464666636626566323436
39343635636538636537303438636135383938663936313862313735333861636634313834353931
66643962383862316162626532653561373430396563343739353230313930306238303761393166
37376364616236316132363131393835353066326435333230643936633963373534383735343834
33323162313363386366333638353031316262316630336534323534616131333265643336366265
65363061613763393132323432326266313434333235373130353032623065316238313039306134
35303638366264363564393939646233663833333261653161393539613062326634303362306134
32363738336231396364383136356261616162656463326262653030323265633031333762346235
32366231653530646431386565643931613637316531633961316234303336303135346137326161
36653230356431663134303336343261666662326339623430653635363465303231343861363961
38666565356339363465386231366466393365386134336332616438346239643633643735633838
39316165646531326165313137393437396139393535353831626233356666616162393064303464
34346232323266643538383238333264313063353130313761373438363237363661316630336162
38623637383334366633613838343739663238663938353034383937306463363133663132393836
35373139346435306630346539666539636334643836633963333030666464643734303265636566
39323230626539643932393534393764353230343238386230333339663133303661306337633038
32346533666530633834653363636566356433623535613834613230383764326534663731653134
63373861323135633438653963613564613235633864633961363930396632666239393937643032
39653462633334646466613861656436363332343033643662373736656236383939636362353932
63636438333235373332306565633536303164613962633465623630633331343336323431323863
35323338336366316336313331336362343138653434656161653166633333613965396238663831
36363532353335333233323439666661363539396162353531373934666130653930313938663931
35336164356161383063663164333638303031333837366164356238323565396365653933643763
62656664393062653665386138353737653531663234383539636138363934383262656338623261
62383934383063346334303634326338393239353736313939626466326133653838656638663137
33353766623631623138343363316131643565346363616664333664663332653564646162643230
66393463366163623566333165306437323861393165383136326239323961643161333263303039
36383733633932626161646233326535313833363261303164353239363238333365636630373435
31383035666561336236343336663335356237653863306161383536633065386566313666343437
30613031303837386232393462383838313932303365333035343265393632633935343637373633
32663636363833383436386361636233333933653564323730313633326234346631333764633637
61356539623932653837623961616137393461626364343636613730656339623466326330313831
30393865316339393466396361633637353461313637613461636463336331303334323239623736
33353265613837663335343235373761616364653139646437653739326461616633646230383536
39306566386531383932316539323835313762383964363731383434323235663465356235656538
33386437663939366662613534333130613363316166396562323732363062333330316536333039
30343166333338386437376333653339613233663132346632366265346662383230316631663738
61623535373837323061396530653930383732346232613764643465343362323065326639383165
37363261353930356632643738653636646233643864313361623137356437623566633936346533
62353039623832633138643532326163393964663633333736616239326636363632366636333136
30656666393730613637396537303433303761393539323763616362333034346363316562613332
33623437663333346632363564663039386230383033633434393139326331626136356564656665
65633838376535303930653238373934383232383238306232653135343535633038663032393432
37646464323838336665396261663966633436653937353834393766353739366663313162313735
32383364336638306639333935633062643061656561353662373263616565363861393235326465
38643766343963343835313438326464336265393865316664616666376335353838666336653731
32616463636365386438373766333362633636633733356533336332363533336431313262313365
63383664623665366434383432643233633433613066656138376664353865313633313933386230
63623839313561616433356636643465613162383361356637396637333732623337656131356431
62373033323438316139373766323030353236353036303236343465633064396162343264626566
32336431383562326132336363313833343763663864386134353938316336333462623332663066
34633936303630336362623538313065313634353738623130643138366464333565383135333335
64333866666438353164353564353433333636383539326263333361646634306264383163653465
62306430376461333233373362393261653566393830613964656238383963666535633936313035
31373430616534623862643631306633356131363131396265626537343837303536386639393963
35353461373433636331376431306637613365393065653362623463656537393237323263303439
35306536623862653665353565633266356536626439636562346564353536366532613931323938
64306264363637626264353134663266323532626633303831613839346234366161353030636365
61623433313162363164356433623137383035346539623162373661666236306665656434663532
37353032303661626130323537623764663332393530346638393362333037363461326334663132
66333539353738636134386439343233353838626361366137383930306238386537373833386266
63653632386332316337366366383033336366313765336362313938353834336437376162396464
61626164326362316532613435383733353932373362313661303335393333636165613937363534
63633064396664323964333438623634333862386163633430623032373031653034666662343938
65646231343633373232333230666530366237346461316130336333663837316536326131343436
66623336393439663835323236376163646565323331316338326239366234316264363434636332
30323564303639346235636635306264336661633438343862663538656130643936663031373164
62356164313631383736663962653961323064623266653364303637386335646434646632346566
38336662623337373034346664653833626331616132353434323361336332306331373134616532
66613564626337653263326566653037626662633566666237323862646431653039646631613136
35643731346132343562626132353765346336623363656237376231353933393138326562323234
35313530626134353731313739303337616535353433303338393838643530653839616234613338
64633936633162623064386564343132326266356561363162376161396439646465373566396333
35323565656332343231353437383963326233303462653237303432386330396564306239356239
66646338353532316266396432626566336263626438323663643833363031613330653537663561
38346161323064303561663035653765633131346633366266396630363766376530373234323266
32346238373138316339366637323064623661643864393033663637316662363563323532623166
38376136313036653238323732653461653962326231343537393232393737666532353966343639
32613238393935373130353061633036636339303932323266626666663066353661613234323335
61636430616265303630336663626236326434626237356433363937643432383930623265396231
39653830386531633164356461333863626332616431383238643931633966616166616136343061
39326330653762616435663232363861356562366234363633353733633934653634346335663864
61336435346533303237643038373436336161306435636534366565626333643537663931356132
36333533366364363939613065373337376638353437383432663038363566346363326365663932
64313939346362386637343536373138363939636166373963393564343966323165346166303330
36613337346439653237663534326462666663383434373033333935353631376332656230323531
65666134313431313863633965626433633464393732336262333530363364373065646563613438
62333539393966386465376262396464623430336436613630653235346239373263326635393637
33326332623835666264636465366330313265366566666132346138343736326564306538356162
30326437633761316332396233643164316337316264623736313936646531656539333932383335
34646566323465336631653962626363376337623734353961646365366339613433333431303839
32393465353635336636653463356434393339643565356564613762363830383263376631633066
30653434343332376536643634366662303838303962623065343530343930623030633662343362
63393266663232663835393961386163363937346232313031326532373732313933393037633731
34363234663263373637643438623766636366643364663361363766643563363062343732616265
66646436653639343534353336613061316430383137626561303834663665646637663834663763
36326538323861643833656236653962613863333966643333306635663633373839343735386566
36383664333531333132346339313739356663396165386263386135303436333738636364613061
37383330383638643663373232316662356338356531363639636534333131373032396663633130
39336666386338643730363264333031306435636531383033386638333531613061363133356434
30376431333066633233333933356535643030623830323761396632363634353933653636343461
64336665303531636239323663313733393535343234313639363430376631633665653061643031
62613066393266313066393665323937373731326137646363613432643233383639666365303463
30343335373835643063333130316261323664303633653538313937313662623665643964363638
34343162653761383135663365306438663234363232343930353366313736353239666664373265
61346266366235333063393233656531343861353933656633626332646430303466353163633963
31336539663339623938363462646332316162323361316364326439346464653539663533626431
62373937336666333463623431666536316565306165326637306561373634323431613962623330
34346131653265663130656265383362363864323664373139643936363030363864653165663332
34333133386466353865633163653161386466663065633163373066373736306664353833336361
38356639336630636164623838646365343236646230663964393436376366346630653237313139
63313562303764646664343436303935646433316664323238356435363233306566336134336264
36373839366132633565396230346464316132303831386563326536343263393065633366376336
38306136663535343861623038386532656563653432306233306132643134636162343638633963
64386131356564306134633064316162636439623133613931323164613639396231613065396230
37353638663331613338343263616538656131373364643263613663393566303030653465633864
31326137613166653031393436346535623733626465666239323236393062303265323332613161
30353837303133336131663431333065333464653638386132663033346333663964313663356361
33363566383038663864383162313139303863313966383830326639663638326331326366653832
33663561393763633765303937373138376561353062646262323630373163643033653837323038
31303665323433343738623664373362373263353039646438633330616164323761653534656165
65653135333161393137393737373665643337303535303134633965373730376231383033366535
36366465326537666263326537613738313938303664396338613331366234343730316431653933
39343438313562363666323237643666646262303064356334306631396336353266303133333936
39346336303261653235613936336634636132633535636264633033636165633664636266643130
63346133313335333561373631653661623038653234313661656461656262626266656265323562
63396335613466666661343236356438626432326433303831633061353539363234323337343266
37303734623532653764663535643035366632663061393761643932333765613132356431383038
31313764386461636661316134393932366632616133383431323039393530646132303864313632
39393964343535373838353066616339363962656365343662613239373635303965353565643339
64303866333238316133396336326431626464326662373664313832373336616561316664343530
37333732643637393764326363653638306539626461623562343035666536376664343336343635
31306564386361366466626434326133383839373133373230346636613163353666666464643337
65396366386432653935363465386664386638636166653161653533383432343765353930386437
37646532396432623565376535636562363034656232663863396634646331616435326565666237
66356562336631623431616333386339346634366563633836663162343730633636343734643937
35636563633038373736616264303666396663326565656137383933306461313061383130653462
31306539366235663431346434323633306266613734346164323235333937666132396439326265
66346430353861343739303837353037626330343832336439643537343331633538343637363336
30616565386562323362656162633035343934336436623166343661396166383732623963313331
34343566663437303263386131343565333734303762323464353464383932663766323339313532
63353834363866333262373863623064323437663161373734316330636465633161373034663164
37616337346639313365306530613065333736633337343933666634643961623734343032363737
64343430303531623365383965663562366332336563323630386638336639633935633230323766
61353334306631353861343231313961623164336261366232376438656362383238653265663966
35656633303765383638393430316638616231386230313438396235346438666163346561643761
64303133326433333433363431633035303538313264346162633036316135333966303432376335
37376230316632383866663934666132336237623932353732336636643231386165396135653237
34623461623338316130633539393961303635383431656432336534306538313063643731353731
61383662303261376464356364366432633462653762623066666438376662376633373463623237
32346639336130306532346663366337346665363430623531393432366561363038383066653734
62343331356338383134326163356661313039373333633561333566633232343361666336323331
35383135383364346234646163663935353735366162656234626636343162356430653361313731
36633062613166633239343563313365616462373735646263336532383863613134326663323634
34366331323665666361373830316131623137613261633333393665313434643337643939373935
33316636373234323361326162396631396439656164356266363230626339386539633837383866
61636638656530346663393832616535613737353233313931623363353537396331376334356565
31643936353237383738636666373163373363626431346361396463313233383530363766656365
36646534646465373634346562323239643561323130343064393362356234663131356432646265
36353965383435393231613138333963346261373531383734316365363433643762336165666664
34373033363165393261653363643337336361336435323337626638616231636136396538646234
62663639623135303334353664623539396536383630306139333636346330333833633939393266
38346464356438373835343364323161653433383734306336626365326262646663376635353435
63613736323334316432313365376637613234643734653737363461383066636139313561663135
34343238396565363434356666633363303066643237613832303331303638376233656465383136
31653163353735353963633762343163636263656338663366313764356430613431363561396339
35323336383764623931313463623464383839336137656531313837626363636132363733313934
63373162633963356232616664306439313464323538326464653431623335643438383834353933
39653537376135663437313435653930383238353066393131353733663136396338626464646662
37313938323166323863383533333261633736323636613462643536333566333230626565346333
35656532373739313036666466643630656431663963626361633933373662643362643535653261
32633835306137613039306162663436323333396532653635313730643932646533383539376262
62326434306432383235363964396234316264333461346533376330333335653365363061333434
36633536353932353866623766616663353566663131663461653266383538376430653230663062
32383231623132383666616662643730613766303766303461316638653161646566653330623437
31663030393834666464323331346138376466316132633437616139663138666161663030656362
35616632313266643433316366656162363937613961633661646233316433323039376634356562
31396336386635393763386562663135363033306535623262323834613166333266333130326362
34316432373137356461616164623736396134356466336139636634303964626531326663643936
66323764363530633862306139636561396630383266613363306331633262323233643161613230
61663865633933393330623130363039636465343432616661383939303537653462323030383531
30653435303333653630366535626131653534633431646365633966303961656334626637616633
65316464623438623937393438363336363338313862336630393234323766336166373261336165
34326332323135646366306139393562616533643064373439393663363530346462663965336331
38666662633366303834303239623136323764623466376137663737636564663736626533643836
65633662663335373265376337663835643762306465333430303638666633643134636130666262
61333065313330313836363930633834616137656433653938656664373566653233633033626261
39333861373136653261633135396562306632383335363234323562313161306562636564386632
33653435303530303763316234323232383235343236326434356463616238653038336561373862
36643832353666306434343937333265373561383764383234326430396131323537643564643335
37636136613234656135353238633837353666643337343966363435336364613133356662363464
66663638333537333461313935326634646234313061623433326364383132346436626235626263
66643066356630346130353037333832353831383966383232653235303737313863306565313239
35633136383135663130623839363831353437313833656362656364643930646566623035323238
36666339373433616331303061613239393631366661313665383535326532333634303233323735
37376261373035643333333165626133373031353630663364356535303336363039633834393766
62303862383430376366623966633762633563376663393262636234376336376630366330666634
34346532623734666264376165373661306131353536316161376562306135626566373463646437
63373265396633663764383438623439643239343937376134333563656337643933656335623231
32666336643963633864643163643661393137343231393961343930623332326432356562316261
66313438393134333465333139623365306563396661663161303664363836316237363663346236
61343536363136613735636632623961396631633836313966356665633231336536666335626239
61656165373165623337323064623533626439386462363338346565316235323362343432343962
30373436646135663531343033333133613838353231313437306431383034303865326362613039
36323836303132623166303139653438626237366235316131343633333966303737303261376436
33386633633665326239393539633233303735643438626564363731346134343438393535396564
63376261393238356136383339666265326332346566653230636165346639346262633261326438
39623232613663623730376563333737383033383634346534396261626562633830303033626363
37353563653134633137643337303735633433623465323066373234383738376263306534623733
65623563353163623539313930303335636632323464383162636266643437666263376535623931
66323738336139366266383436613038356365353061346533346566643063393938366135333863
36336534633662666636646334633033623365626366316432666263386264333039393330386435
33393838306565303262653435393863646234366630383164633238306366646462616539373536
36623335356635663135303361666531663963306539343531326634333562616434356534303739
61383039656532623734313264653965333536396634653335366661636338613863613066666530
31316262323436623939613533383063313534663733306239633162613365326333383531376234
35326432363034303332633739653338616661366638643731636536393764656330303534333865
33383663316132363339346332616537613739623764343334626533323438313663303963383264
34616133656265636136393062393766316565343531653230663638366364343862643465333038
35646534316462326633363966363461336361306536313461336661636233336562356461633332
65616661363239663735383064633333386263376532303562356466396336373563616262626530
61313533663063393836623432663162643031323637613038396162383438343363666339303561
64633963623064393731613038636163663964633137373839393861636133636331346538363464
33653561353065356431376132313065653438386466613333643631663666643163633338373637
65383235393731336535383061313632386134616630393965313030653065333864646436303533
39613535643565323035363765333465373739306663313834306438376531613832383932323136
32643934383931303662356262386266323736363733313065323730356433306564653061613764
36383538303163643162373966363265346138353536373235633863656535643935323138336338
33663934336432623061356339653063313165333836623730366166633931326562346634343564
65656532336138376238373932356433386637366362306331383235633936336134343539393663
32616238393665373233353438356339396163323030663561613836613964363031313232656366
31633537333635373965336265363963326161613635323831626437626332346236366530643362
62633638353137363937656237303661386631303439353036323734656634303834356635653466
31653038343765373366343834386630646662303634366161313930353430303330316435303865
31333466643132663861326537646663323430643834666332363661643465353536346539613633
65623638636665343862306539373239326636366331313830316566663738323336306334636532
62643666393764663165363931623233613638353637303933633239343734353433383562633031
62386439336436396464333332396335376162343131376266656263636430666535306635353633
35333562303236363430373161383831306437303664383636633235633031623364373034383362
36393466643130636330363463326461363637613039333138616535326139323864653166396564
36326335663238353938373832323035326365373465316362386433393134393130626637626238
32316466623362613635623237393830346663316564363932353636623833336433316666616436
32653437646435613637393531623935316564353831626631353330313862323337336536396566
33333636353837346335656534643636656138343239316238636435393061383038623730386165
36343365303034623434373065653461333263393162336137656366663337646332356163343666
63306231626339616437653866376465613035656665346332356463383664343364316163393766
37396562336566323461656337633966326461303066343564393663663232373861613235623133
66316565303532626165386161316331613466313630343533366233336561323564646530643166
34303232356338323834656265643234393237636534353332623132306466353033383866633734
35343064323263666632383962343963343765383363306635303064663264626236653564333639
30366434323339363632383631326239636333353434303064356634646436313938383933393662
61393435646530316333636462363035656262353461326432323633313566613034653863306339
38326361383261376239383730383133306633613136666662396264613864363732623838353862
39396663366462343933356331653239613732303538626133633665343962383534623132356237
33633539376535623732346236653030363265383764383635663561393033356666666137383961
34613435303235393361636265663533623239623261613264643965326130383230346435353536
30623961353438646635313966376433666663323133393734323633313833343064396462303737
30663265373833653838633631653264653739636334383936666535653162383434303639643630
37353864656633353764646438353335626337376536373665303032373839666464643135386333
33343332333938306163396332393334366132386336363935633338353636623036623931363662
38323763623464386566376563353332663461646239653065393335666234663465386337373835
36346166306338653263643837633937613433613235633465626533396363376566666639643366
63306231646333303366666534643663386230623564373639386635326630373130303135346664
64316437316362323930343034343163386363646565303538356436376264346466323835376636
39346330326362383566343638636165326465306335336564386134386161333564343134336164
64393735386136636439303335353834616232376534316161303064376361626431366332376639
35646564636138663034666431333636613635396264396630623365356161666439643234366162
62303834303536383734623462613565346666316566376237353164666537656166323231383730
62336334313835386462306562373862613130636237636431346339306439363364333662366333
34346234336463616531313166323563393263313336386437333638393132353836653133303263
37363434313435393063313061653538376364313833616333393264623665353933363738613661
32353763613734316234663166643261613864353061626536623135353030323833633330336162
37633732393938643437646566303731653364646336653165656433633965376336613031356137
31326439353566393264613862653439623837343766643339636162363763663561623263663239
31623335346132663433396338396135336236643933373331363236643735316431663638353762
37336337626134393039663636346132633233626663653131373963393235353863303566303266
63653663373864323834633166373162643234333134653837653238653865636133336431373239
66653131383432623436386566613232316438656531663566313136303363383734333931393733
63623962303935326331393538623164623265396130373932343737363337653839613935366562
38666530616362366439366239323033353863353635373962343762663863326365303636353763
37636664343231373161346431353165363736333565333738323666363664643564363835616232
32323664336136303034303830653032623661643236663766356336303835613534353964333262
65653964643431373963373966366534353865663634353734356536346332643661653136396236
36313431396132346530333061303032343435323163616263363138636339383961653331336530
31333539303338323537636238623361333839643863336462616530353663363639383334393663
38643761343831383335653239626532393263613039616162366663323566356133396531376133
36656464633962666161383036666463383963623262653332616232616666323632323063666535
35663732353765363231623437323364326363333536376537353364663561346136343733363139
39633733316633343832366261336262373032383032346430653338373238366366353466363638
66623762663963616534376662383637383866303565313062363434623334353431346566373364
65383438643866353364326130376330333636393064333339316438353530353033336134666334
36366663316565613639613463653139333864346333633732393431366262616632306164383065
31353339306465613366646637653639346131353264666634346262646236626430626131346133
38323438343238366533643164386537336334613264666431346563613138623830353736396132
31623366336534636238643139356633366132316332373961663333366633363661383436346337
64363736343265303865373365373961333561346563336635343662363130653935363937353730
36353838613131383361316335326161386337613162383833306530396537626538633735363161
36626366376338356434623236666433643336626535303232363135613936646432343263343632
31326530636366306262393333313734333464363766356330333665336265353831616333386139
62383833363837376532653533653434333563663538356631323466323132396564623131376233
34636536396435373335366263613634383662393736306437313139346237356433383535356161
31343165383437353663303430623536363665373162653830373663653664646565336132663532
30666636313530396333363031663436363030646263316263653264356162316233636639396665
36333963313038323366386531313331636161636533653134306535393961336636346264336132
34363061336663393362366232373662326434633134363764336430396162323339333238333230
33666462336630366333386635656464303331383037643962626332326463666664626465636665
34373865323536353732396632316238376539333039353335646536383336613532643931393936
39626565626134646464393365333234633231363932313337613864373361303636653065383364
35656664343462633063343634333238373734626537313763643230396535666638353237373236
65336536383632366561323862646639393933633933303134396564636239363064373535363966
65663534623466376437623033383764643066336330316538666135363464646463626233323233
62303031633465353837303431653732656338353865363161343035336665623733383265326665
33313762373739663765623935636537373661666130363035303631623737346164396333356437
62366631346339393066386365383539356362393335663833373733386161633935306436326162
36316661326664636132303330656432386362343261373439643537326263393833626364363331
36393164393163643337663635656330613536303236383034323961386336303038646363323637
33663831346133656231346463343061643133346531383130373537643064343730363634386465
66636238646432306136303333376534636435313338373661376137373762336161646364353539
38633635366638643764613934323734613862653236343962623366373665326262663264623030
33646566383061313435623332353464646236613531363361353031383061646639313062396365
36326530386433363866336461303062646363343233356562376634336139393137653131316633
30316266653136393230616661346133306462613733633365383962643734666361306139373161
36653363616237396430636136333961333535323866343332633435303132666638333830366263
31306338633334303331363564313130323262393063623632303637613462653535363566383432
61376136383231613164363762323837366164306262653534633137643465653062303934333034
65653636666666363164386664353432356566363362636235313638383266643736643735363065
62663663666632646438306164633764623761383630633337366534303964376165383739613939
64333936363963353236636165346434363365393965633735643536313731623634366261653938
32356665333163356630663633633466366139653037383639353261356331343863366132353061
34363435653036656132313335666637646632303832353137313064633031333135653730376530
30333537303963393165613963316431616134653733336665306162383665336565653265306636
38306438363930633562303061303836663865656265343765363239663565373939353635333561
32376431333731643231653865373830323966623536356636313036643364333564623364336261
35646633366639663761313162313862336233653432393438376130353036396238646536363132
61373865306433373530343738636338643339386161623166363230303965306335323634666635
64613030303463636538313633623065336530353266636566653863336662303934653033313864
35353866653139393864643137363465303663633662343631626137393664353438373930613063
35386238663961393861393666366338636532393566323231373465396663306161373362616433
63653431373839383834643862653034366463643338363861366331393337303230333935316662
37303334363937316163313862396432313866663636326633333737323662316536663165656533
34646238323738346630363035366132643432643733366564643732363034356235643530616630
39383166346536656234636436326234356138623265306662313866643063656631396239616363
64343361393561363537643635346663636564353764643162623434383035626332356639353735
35363231656134633065633339323963383761333838626434616530663539373435346435623061
35643337393039363166666566356136353565336431366331346462373461626437643132643261
65316333316664646564623335663439333265313463663431316536323438656237373334313934
38343138633932306331343635663935396335646632643562616436623435323632316239613734
65653232626534343532376435326432333536633465316563613363646337616431356362396362
35333863323438326137336661386364373138336132363338386166376235643165633636393233
35613830353865346565613834643062373930623462623561303038306236323534363833623839
62623833316461613932393362666461336337636365333138353331353431353138623837313735
37363464393235633665373739346535643032393735313235663430336230646463303933343234
31356163636131646630313565616234656339656432346463653433646564356562303165633234
37313537623632366163633830613061386331376365393461656339356632393737636233613830
64633965383330643064353534613835306535343461333232623338646338643436323362616335
33613233663266303561393464646364353263626266616337396233656464333264666564633564
37633632323263656266323735643033623163336166303761366336623761373131303035336537
62346436306165636234333438306132623764396431623036663634343434613939313861663038
37646665303535616232346164653736383738623331333563373761656233313338386337386639
65663335363334616533653135373866313663646262326535613936626538366239653662373536
66633132643038363365626532613661376163363466626466333165653161353166356138353631
65353066393333356637323764303737326566646163313564366438356530383735313831636136
39373738396162636332313331663231393733663435636361626438343139613066383736626635
64653035393732366637363631616139356231666238376134383034373837313131656661346263
39613830623431343034316365623034303066343961396637356635653865663436663032323537
30636636363036396439616666383831656161643032323431343539663339343132636138643939
64376538366236396562386534386238393232663266303638636565646361626439323466353665
63306266333335623431333636386164646439616535313464386266616235633336373235316366
64363663383335366131373534346232613036663361636238336536346434656664643536623030
31643632653635333464383035613766663566333765623235643437663963666439373635333034
66653264626333633065386131343538653365353539353763303263346238373964343730316463
34363839383832383631346466313634636331626564346163623933373530663739363738626130
34336463663262666563623234613765373463356635336366636632383935313261623430363461
66306664373834393331666436303633663434343461333134353737303166373233396431303336
33656634366537323630646637346633356161313332373937363332666235643162613364653832
38663865376165353963623336613066373230393934386662623664616539393461613462383839
38666230656662373635393566303861333062643736393730323233633765626234656435383866
65376665646330323162336366396532613838343937666634363139386362663734653764396466
33353562343161333466376565353831306438323964646139623933633033373262303466663563
62343339396337333438346133383661653432653432613637653164343736366435353836656139
37373935313630653234643561633062613437333865666565343762333562663763356562613330
63663736643065626139323335653030616231303835386237303761616639353865316266633532
33353635623762616565363035316265326336353531383736656366343035376236353433336262
66373863643736623639663034333239643366366462326336386635373532313536336533626439
34653536376566313131313364366337353933343665353362363731333135663139383266383664
66386437393134666336636237366165326139623537663433313130633633383431343362303033
30316632336330386165343735633061653732376164663333306132653866393864396362346239
30613566633031356438613739636461313661356362616563393632666537323561666665313936
35343566316634633230343138626534343866636239313165353837313161323065323832636561
66666665303135363364643562363636353538363031656164613635326530393933333532613664
63656137613432653966613561376437373462386137306534333632393039393537663036326337
65386130346638663464643031373739333863373338303439623062343238613035393930356263
65303938666639633362396437316662623331353435626338653566363464633564653434396462
39616535633133393863613363616330313638303034656661633464393430653135356364306438
36373663326565333735326463623065346565353163623836386563623036326639373537316339
31396262623631383736343138623533656461363363346139626433333235373238333737383330
34353436653937633561393539323662376362666162663561386563336666623331336236376237
63613331316130376438646266636465643830633632613165626264656235346537393734633665
38633939623638396666303064336239373666613336363137383964363236386265363932363530
64333465303961366137303339363936383633366434376438303763326539653361333331363165
38353839373365356433316239313565613239373966393865306138623030343238653765386133
62666565653033366431383266363363393563383133386335616237363963303561303036663861
63663233323938303062376532626536623830303533326165323965383663306162666437366333
36636366353639306333643031323466633039333537316263663737323139316434363562316232
63623961313539623766616131363136316262363562613931323439333237613636376338633939
39366238666631393965353330666264323838363638343964633535373738626236316132633333
38336662303831396435623831653066333838633564306165326336316530363966303939343336
62653336386132353835663330326562666433373737383063376365313736306365363736373833
33616639653936326530303066303138653232393436393538393666616534303765313438393339
36343638313735343163316333393331616562666339373164656636333838313561336466393161
62616665636563653430653532333238666637356232663363303266653730343261616161383731
31633733373131336662633436616665366530656234633636656532316666613637643431646362
63653536656165623834623364633662353530623061323965663761653961386634643366313531
61633033363638393139303033656137663963633533343538393165653530356161666635666435
35336661613030653930356561666363616133306162333165656166343931366534613861353365
66346663383336386539373863346233393662353739373266373161323666346537323765303566
30636636646364616132383461303234356264353963303734363665623261336239343464613937
38306162653165353538333266303535653236366230353234376466653838636232383238353362
30643839383163303133313734626131643932636236336430663238303831313964643761666134
35303163346466646566393930653862613738633133613262336265636438633338316434633839
37363166633030633934633163393030396531353839316530656438613665663830333331646238
64383865323962363138393362343234336639343565643062633235373065393935656233393933
65323736653462373038333462626263333335656335653264356665356562303534643362356136
35396433323133623566386430326435333665613736386264616639396263343564636366643335
66316237323139646537366664303663393462336637346361653930303765356565326662643333
33626361326234343233353835396138363966366462316461306639363939363137346530306433
36316238366435313862666366323634653166643663643163373031393635656130626139393136
66353139336136373661316632626433313064323336323964326664653164363432646161613437
34366533646538343862393537373633393836623065396635333665393733333163643239626466
64316632353762363137366230643062336664336431353362616163386366383235396135666562
66366164663032366364666262643961393463326237653063376330393233393464613433363966
65396531616361343364623062663933643237666663623036666634346438643739643762613831
33386265383336393838363962363432396461353832356363663538636235383738313231373433
36333735393036623238373963356363333662353530653637356562663265623834626439373563
66356236386632623738643139386331666165323465633535373131313966303066363133363332
62353433376465613538356138656462623133623930613530366265343639646666383862383966
33663661386666653033396436626265306137626332643864313464313834373832356634323336
37343232316266623235316534313766333236363761363132663333333439366631323065303936
66313432383134333437646465313461653431303464636162306332393437616364613631356131
33303533643566616161336361323632356231643963383834326164353266376365363832623963
33313931363835623961613831633837333438336636633337653763376139383832616136313261
63316165313465313165373030383033626638306533373838356338613934663062336162633538
64356438383630643537306266306232653533376135646330303065636439646565393236376263
34633237623136396362653064396338663162323239353139373062653233393839353131613732
32366166356233316537343463333433316531346636646533666136643436353539663166346133
39633238633038373334333736663037623439353732306266313465636261393735306236666231
30323631613664656662643532376430666636616139386661613262653462316563653762316137
61643132613039633133633962326230653132313965643334653063623461353162653135636331
31353265386535666366363134613533643636316365336435323731306534383334636330636434
32323163366330306533363133316337353164346138643836353137613863623638623463613237
62633364363464663430656562303337656633356231343437616462616333646330333734303333
36353066323733636564336165373030326530313430373435323238326439396638336162393932
39333633613236373165396635323631383762333664393864363961363037656662366165393039
36636333636637366562353966633138666535626632323638616366393236353439373939383639
35373631656665623235383339303136613637643032306466333961666334613062373162666434
35353334623931323265663532353136306163656266643234663161303766653036383839376539
65353962343030366462636236376231376563336231343137306266303135376465663465653131
37656131363339326161626165646166316665613433633234303938616561343337643065346234
64313263646530626433313464653936353830653539323339633139326338313865336165353836
31653766386263646335326562613238376139653431343438303832393864313166316230636538
34656663316533353238626233613438623332373039323463633135626336343832303134653934
31646336373537333037623231353738613663343230396533376338313435386633366463306133
64623833363361633564643531376538326262613436336237316330613431343465393764616330
33623635373535333033636533616530326532383332336566373537656534666439386433303261
38323932383232306263393561383764633262633438646164353962613365393163646536353136
63646133316134366536373562356261393137363966653532656364616631623132393162383366
65306435303139326566386562386437636631623262636461373635366163653331303063623336
34306265383563303937663737616332656236333038396636386530656531626239636461663238
62333761666633363833666363303365646638663339646231653838653036326432396464653132
66303964343862633961343133346166323239323562613364616165363162323938323765616365
32623332313364393030643564376230313066643931353935613634393464633562616564366264
63303732303533353135353337663866613566643635333437326362666439636135666361306538
35363166333766393762353663383038316634366533393230343566643835326333663333303763
62663161646162326530363438643830396239303166666634653531373633306639386337636365
66373732373030636465366365623637623566623135386163303364396465656332323231323738
37396464316431626363346336393563313636613064386537623239643330303434646366363333
34643764313131396235373430346634376562613835393564636633393966313466373463373465
37343533303232373466316538643964646664663861376231313862643961373631656162306132
38306233336131356136346461386230353335646664356430373031333565373039643134303464
62623537636237646335643661333036316566353563383135386534393161656562383765643261
31663632366262656466626133303138326534633037396564346337353933613935316437303333
35353535313232396363343466613634656661336561333538633133636431623432353566323865
39623638343964633138343032346438323830656435643131663336396439626139323331313236
33323235306334356665376430393364323163623861306133363561646266396664663565373361
61633530663136333130356263373662663631313333656566386431343038376466393832313833
38313936636562666230326663663464393831616238653933353639363134313837333535306362
30623030383138613463346662366363383032313262626662386134333434333563363738633164
31303039653035386630646137346364393731336662313463653135626430666363623939616466
37386365336266623232666362353732623361626134326531363466396435303733313562366137
36656561303436383263656639336335366332393730316232323339346361626336383366396663
36366337336663646234336335346466626261643032646138656238396532363763636461353631
30363365373961343963326131623532623831643934613566666234623738663030653235333430
36666462326665626239666365626533336163393030646361343637653062663838313538363332
61316632346234623966613363303234323665313834633263353233663662393161333239316133
36633763316661626232333531393164383538643534306536303031353864313733363133363933
32366665336339396237303365363131323632316131636435363133633663626465653534633863
61323635366662346234306439376562393766666264643033336238353136633361646162356664
34633034373462643836656339306636616634306436636439666539623733306564333830653138
63346161343335396664366433376237323530373436396633653365613137653233376566653563
65626130373237386531656663366133643038653236316166393664346636666364366530653039
36393135653362653362616162643338613132303665383034323830373438373264333661323237
62363964656133316536333638656338393936366536396438366339663538326466383338643233
61663230613663393833356235326533333763623532366232663533393364303132623935363365
61356365646161333931336461613536643531336139323663613732393365313365393261663066
63383538623136386632663436343233376664306338383862316433306231636639363265306437
37633736653964323837363532306233633230333432313436393334656333386166363837383763
30323064393561616338363466323664363635323932353962393238366334366462633661346338
66386162323863383133366236613962396264623238316239363565623336666561663131336162
30356139393337313436346133373530343765326638333732366334393237643232626336666133
33393963316266303164316239346132656638393066383639386464336538613032636466623635
64353765646639653561316237316135346337623466643936663465656333383931396363653063
39396339653935336662633035613862383636333033643165306338376562316436653461373663
30363537333862613963666531633933646331386366353432323434616264343931663838303339
33333036663663353238313061623438663462663439363237333433646233396533616235663666
64616562366462643063363362623335343563663233363661666239623164653964396535346533
34646134313566616534373336343965636364623837316366353965306635306431386130656537
63656261356164316232363262316139653237643932366262613730336332626638323266303366
61646131636336393936376530663234323764333663633537653439613933646635356662303538
65383361346630316465373466643033666365323937346438313861303130633062353064636338
33306139333163386132326336633061356230623636393366663061356431393362643762333662
35353262303338323531646261393833663130366638326565353465646462396664386466656336
66383532643464643931323965633539643962363939336432326330373539626336383231623936
34323039323135363165
